CMBLOCK,BoundaryNodes,NODE,		7810
(8i10)
		3276		3277		3278		3279		3280		3281		3282		3283
		3284		3285		3286		3287		3288		3289		3290		3291
		3292		3293		3294		3295		3296		3297		3298		3299
		3300		3301		3302		3303		3304		3305		3306		3307
		3308		3309		3310		3311		3312		3313		3314		3315
		3316		3317		3318		3319		3320		3321		3322		3323
		3324		3325		3326		3327		3328		3329		3330		3331
		3332		3333		3334		3335		3336		3337		3338		3339
		3340		3341		3342		3343		3344		3345		3346		3347
		3348		3349		3350		3351		3352		3353		3354		3355
		3356		3357		3358		3359		3360		3361		3362		3363
		3364		3365		3366		3367		3368		3369		3370		3371
		3372		3373		3374		3375		3376		3377		3378		3379
		3380		3381		3382		3383		3384		3385		3386		3387
		3388		3389		3390		3391		3392		3393		3394		3395
		3396		3397		3398		3399		3400		3401		3402		3403
		3404		3405		3406		3407		3408		3409		3410		3411
		3412		3413		3414		3415		3416		3417		3418		3419
		3420		3421		3422		3423		3424		3425		3426		3427
		3428		3429		3430		3431		3432		3433		3434		3435
		3436		3437		3438		3439		3440		3441		3442		3443
		3444		3445		3446		3447		3448		3449		3450		3451
		3452		3453		3454		3455		3456		3457		3458		3459
		3460		3461		3462		3463		3464		3465		3466		3467
		3468		3469		3470		3471		3472		3473		3474		3475
		3476		3477		3478		3479		3480		3481		3482		3483
		3484		3485		3486		3487		3488		3489		3490		3491
		3492		3493		3494		3495		3496		3497		3498		3499
		3500		3501		3502		3503		3504		3505		3506		3507
		3508		3509		3510		3511		3512		3513		3514		3515
		3516		3517		3518		3519		3520		3521		3522		3523
		3524		3525		3526		3527		3528		3529		3530		3531
		3532		3533		3534		3535		3536		3537		3538		3539
		3540		3541		3542		3543		3544		3545		3546		3547
		3548		3549		3550		3551		3552		3553		3554		3555
		3556		3557		3558		3559		3560		3561		3562		3563
		3564		3565		3566		3567		3568		3569		3570		3571
		3572		3573		3574		3575		3576		3577		3578		3579
		3580		3581		3582		3583		3584		3585		3586		3587
		3588		3589		3590		3591		3592		3593		3594		3595
		3596		3597		3598		3599		3600		3601		3602		3603
		3604		3605		3606		3607		3608		3609		3610		3611
		3612		3613		3614		3615		3616		3617		3618		3619
		3620		3621		3622		3623		3624		3625		3626		3627
		3628		3629		3630		3631		3632		3633		3634		3635
		3636		3637		3638		3639		3640		3641		3642		3643
		3644		3645		3646		3647		3648		3649		3650		3651
		3652		3653		3654		3655		3656		3657		3658		3659
		3660		3661		3662		3663		3664		3665		3666		3667
		3668		3669		3670		3671		3672		3673		3674		3675
		3676		3677		3678		3679		3680		3681		3682		3683
		3684		3685		3686		3687		3688		3689		3690		3691
		3692		3693		3694		3695		3696		3697		3698		3699
		3700		3701		3702		3703		3704		3705		3706		3707
		3708		3709		3710		3711		3712		3713		3714		3715
		3716		3717		3718		3719		3720		3721		3722		3723
		3724		3725		3726		3727		3728		3729		3730		3731
		3732		3733		3734		3735		3736		3737		3738		3739
		3740		3741		3742		3743		3744		3745		3746		3747
		3748		3749		3750		3751		3752		3753		3754		3755
		3756		3757		3758		3759		3760		3761		3762		3763
		3764		3765		3766		3767		3768		3769		3770		3771
		3772		3773		3774		3775		3776		3777		3778		3779
		3780		3781		3782		3783		3784		3785		3786		3787
		3788		3789		3790		3791		3792		3793		3794		3795
		3796		3797		3798		3799		3800		3801		3802		3803
		3804		3805		3806		3807		3808		3809		3810		3811
		3812		3813		3814		3815		3816		3817		3818		3819
		3820		3821		3822		3823		3824		3825		3826		3827
		3828		3829		3830		3831		3832		3833		3834		3835
		3836		3837		3838		3839		3840		3841		3842		3843
		3844		3845		3846		3847		3848		3849		3850		3851
		3852		3853		3854		3855		3856		3857		3858		3859
		3860		3861		3862		3863		3864		3865		3866		3867
		3868		3869		3870		3871		3872		3873		3874		3875
		3876		3877		3878		3879		3880		3881		3882		3883
		3884		3885		3886		3887		3888		3889		3890		3891
		3892		3893		3894		3895		3896		3897		3898		3899
		3900		3901		3902		3903		3904		3905		3906		3907
		3908		3909		3910		3911		3912		3913		3914		3915
		3916		3917		3918		3919		3920		3921		3922		3923
		3924		3925		3926		3927		3928		3929		3930		3931
		3932		3933		3934		3935		3936		3937		3938		3939
		3940		3941		3942		3943		3944		3945		3946		3947
		3948		3949		3950		3951		3952		3953		3954		3955
		3956		3957		3958		3959		3960		3961		3962		3963
		3964		3965		3966		3967		3968		3969		3970		3971
		3972		3973		3974		3975		3976		3977		3978		3979
		3980		3981		3982		3983		3984		3985		3986		3987
		3988		3989		3990		3991		3992		3993		3994		3995
		3996		3997		3998		3999		4000		4001		4002		4003
		4004		4005		4006		4007		4008		4009		4010		4011
		4012		4013		4014		4015		4016		4017		4018		4019
		4020		4021		4022		4023		4024		4025		4026		4027
		4028		4029		4030		4031		4032		4033		4034		4035
		4036		4037		4038		4039		4040		4041		4042		4043
		4044		4045		4046		4047		4048		4049		4050		4051
		4052		4053		4054		4055		4056		4057		4058		4059
		4060		4061		4062		4063		4064		4065		4066		4067
		4068		4069		4070		4071		4072		4073		4074		4075
		4076		4077		4078		4079		4080		4081		4082		4083
		4084		4085		4086		4087		4088		4089		4090		4091
		4092		4093		4094		4095		4096		4097		4098		4099
		4100		4101		4102		4103		4104		4105		4106		4107
		4108		4109		4110		4111		4112		4113		4114		4115
		4116		4117		4118		4119		4120		4121		4122		4123
		4124		4125		4126		4127		4128		4129		4130		4131
		4132		4133		4134		4135		4136		4137		4138		4139
		4140		4141		4142		4143		4144		4145		4146		4147
		4148		4149		4150		4151		4152		4153		4154		4155
		4156		4157		4158		4159		4160		4161		4162		4163
		4164		4165		4166		4167		4168		4169		4170		4171
		4172		4173		4174		4175		4176		4177		4178		4179
		4180		4181		4182		4183		4184		4185		4186		4187
		4188		4189		4190		4191		4192		4193		4194		4195
		4196		4197		4198		4199		4200		4201		4202		4203
		4204		4205		4206		4207		4208		4209		4210		4211
		4212		4213		4214		4215		4216		4217		4218		4219
		4220		4221		4222		4223		4224		4225		4226		4227
		4228		4229		4230		4231		4232		4233		4234		4235
		4236		4237		4238		4239		4240		4241		4242		4243
		4244		4245		4246		4247		4248		4249		4250		4251
		4252		4253		4254		4255		4256		4257		4258		4259
		4260		4261		4262		4263		4264		4265		4266		4267
		4268		4269		4270		4271		4272		4273		4274		4275
		4276		4277		4278		4279		4280		4281		4282		4283
		4284		4285		4286		4287		4288		4289		4290		4291
		4292		4293		4294		4295		4296		4297		4298		4299
		4300		4301		4302		4303		4304		4305		4306		4307
		4308		4309		4310		4311		4312		4313		4314		4315
		4316		4317		4318		4319		4320		4321		4322		4323
		4324		4325		4326		4327		4328		4329		4330		4331
		4332		4333		4334		4335		4336		4337		4338		4339
		4340		4341		4342		4343		4344		4345		4346		4347
		4348		4349		4350		4351		4352		4353		4354		4355
		4356		4357		4358		4359		4360		4361		4362		4363
		4364		4365		4366		4367		4368		4369		4370		4371
		4372		4373		4374		4375		4376		4377		4378		4379
		4380		4381		4382		4383		4384		4385		4386		4387
		4388		4389		4390		4391		4392		4393		4394		4395
		4396		4397		4398		4399		4400		4401		4402		4403
		4404		4405		4406		4407		4408		4409		4410		4411
		4412		4413		4414		4415		4416		4417		4418		4419
		4420		4421		4422		4423		4424		4425		4426		4427
		4428		4429		4430		4431		4432		4433		4434		4435
		4436		4437		4438		4439		4440		4441		4442		4443
		4444		4445		4446		4447		4448		4449		4450		4451
		4452		4453		4454		4455		4456		4457		4458		4459
		4460		4461		4462		4463		4464		4465		4466		4467
		4468		4469		4470		4471		4472		4473		4474		4475
		4476		4477		4478		4479		4480		4481		4482		4483
		4484		4485		4486		4487		4488		4489		4490		4491
		4492		4493		4494		4495		4496		4497		4498		4499
		4500		4501		4502		4503		4504		4505		4506		4507
		4508		4509		4510		4511		4512		4513		4514		4515
		4516		4517		4518		4519		4520		4521		4522		4523
		4524		4525		4526		4527		4528		4529		4530		4531
		4532		4533		4534		4535		4536		4537		4538		4539
		4540		4541		4542		4543		4544		4545		4546		4547
		4548		4549		4550		4551		4552		4553		4554		4555
		4556		4557		4558		4559		4560		4561		4562		4563
		4564		4565		4566		4567		4568		4569		4570		4571
		4572		4573		4574		4575		4576		4577		4578		4579
		4580		4581		4582		4583		4584		4585		4586		4587
		4588		4589		4590		4591		4592		4593		4594		4595
		4596		4597		4598		4599		4600		4601		4602		4603
		4604		4605		4606		4607		4608		4609		4610		4611
		4612		4613		4614		4615		4616		4617		4618		4619
		4620		4621		4622		4623		4624		4625		4626		4627
		4628		4629		4630		4631		4632		4633		4634		4635
		4636		4637		4638		4639		4640		4641		4642		4643
		4644		4645		4646		4647		4648		4649		4650		4651
		4652		4653		4654		4655		4656		4657		4658		4659
		4660		4661		4662		4663		4664		4665		4666		4667
		4668		4669		4670		4671		4672		4673		4674		4675
		4676		4677		4678		4679		4680		4681		4682		4683
		4684		4685		4686		4687		4688		4689		4690		4691
		4692		4693		4694		4695		4696		4697		4698		4699
		4700		4701		4702		4703		4704		4705		4706		4707
		4708		4709		4710		4711		4712		4713		4714		4715
		4716		4717		4718		4719		4720		4721		4722		4723
		4724		4725		4726		4727		4728		4729		4730		4731
		4732		4733		4734		4735		4736		4737		4738		4739
		4740		4741		4742		4743		4744		4745		4746		4747
		4748		4749		4750		4751		4752		4753		4754		4755
		4756		4757		4758		4759		4760		4761		4762		4763
		4764		4765		4766		4767		4768		4769		4770		4771
		4772		4773		4774		4775		4776		4777		4778		4779
		4780		4781		4782		4783		4784		4785		4786		4787
		4788		4789		4790		4791		4792		4793		4794		4795
		4796		4797		4798		4799		4800		4801		4802		4803
		4804		4805		4806		4807		4808		4809		4810		4811
		4812		4813		4814		4815		4816		4817		4818		4819
		4820		4821		4822		4823		4824		4825		4826		4827
		4828		4829		4830		4831		4832		4833		4834		4835
		4836		4837		4838		4839		4840		4841		4842		4843
		4844		4845		4846		4847		4848		4849		4850		4851
		4852		4853		4854		4855		4856		4857		4858		4859
		4860		4861		4862		4863		4864		4865		4866		4867
		4868		4869		4870		4871		4872		4873		4874		4875
		4876		4877		4878		4879		4880		4881		4882		4883
		4884		4885		4886		4887		4888		4889		4890		4891
		4892		4893		4894		4895		4896		4897		4898		4899
		4900		4901		4902		4903		4904		4905		4906		4907
		4908		4909		4910		4911		4912		4913		4914		4915
		4916		4917		4918		4919		4920		4921		4922		4923
		4924		4925		4926		4927		4928		4929		4930		4931
		4932		4933		4934		4935		4936		4937		4938		4939
		4940		4941		4942		4943		4944		4945		4946		4947
		4948		4949		4950		4951		4952		4953		4954		4955
		4956		4957		4958		4959		4960		4961		4962		4963
		4964		4965		4966		4967		4968		4969		4970		4971
		4972		4973		4974		4975		4976		4977		4978		4979
		4980		4981		4982		4983		4984		4985		4986		4987
		4988		4989		4990		4991		4992		4993		4994		4995
		4996		4997		4998		4999		5000		5001		5002		5003
		5004		5005		5006		5007		5008		5009		5010		5011
		5012		5013		5014		5015		5016		5017		5018		5019
		5020		5021		5022		5023		5024		5025		5026		5027
		5028		5029		5030		5031		5032		5033		5034		5035
		5036		5037		5038		5039		5040		5041		5042		5043
		5044		5045		5046		5047		5048		5049		5050		5051
		5052		5053		5054		5055		5056		5057		5058		5059
		5060		5061		5062		5063		5064		5065		5066		5067
		5068		5069		5070		5071		5072		5073		5074		5075
		5076		5077		5078		5079		5080		5081		5082		5083
		5084		5085		5086		5087		5088		5089		5090		5091
		5092		5093		5094		5095		5096		5097		5098		5099
		5100		5101		5102		5103		5104		5105		5106		5107
		5108		5109		5110		5111		5112		5113		5114		5115
		5116		5117		5118		5119		5120		5121		5122		5123
		5124		5125		5126		5127		5128		5129		5130		5131
		5132		5133		5134		5135		5136		5137		5138		5139
		5140		5141		5142		5143		5144		5145		5146		5147
		5148		5149		5150		5151		5152		5153		5154		5155
		5156		5157		5158		5159		5160		5161		5162		5163
		5164		5165		5166		5167		5168		5169		5170		5171
		5172		5173		5174		5175		5176		5177		5178		5179
		5180		5181		5182		5183		5184		5185		5186		5187
		5188		5189		5190		5191		5192		5193		5194		5195
		5196		5197		5198		5199		5200		5201		5202		5203
		5204		5205		5206		5207		5208		5209		5210		5211
		5212		5213		5214		5215		5216		5217		5218		5219
		5220		5221		5222		5223		5224		5225		5226		5227
		5228		5229		5230		5231		5232		5233		5234		5235
		5236		5237		5238		5239		5240		5241		5242		5243
		5244		5245		5246		5247		5248		5249		5250		5251
		5252		5253		5254		5255		5256		5257		5258		5259
		5260		5261		5262		5263		5264		5265		5266		5267
		5268		5269		5270		5271		5272		5273		5274		5275
		5276		5277		5278		5279		5280		5281		5282		5283
		5284		5285		5286		5287		5288		5289		5290		5291
		5292		5293		5294		5295		5296		5297		5298		5299
		5300		5301		5302		5303		5304		5305		5306		5307
		5308		5309		5310		5311		5312		5313		5314		5315
		5316		5317		5318		5319		5320		5321		5322		5323
		5324		5325		5326		5327		5328		5329		5330		5331
		5332		5333		5334		5335		5336		5337		5338		5339
		5340		5341		5342		5343		5344		5345		5346		5347
		5348		5349		5350		5351		5352		5353		5354		5355
		5356		5357		5358		5359		5360		5361		5362		5363
		5364		5365		5366		5367		5368		5369		5370		5371
		5372		5373		5374		5375		5376		5377		5378		5379
		5380		5381		5382		5383		5384		5385		5386		5387
		5388		5389		5390		5391		5392		5393		5394		5395
		5396		5397		5398		5399		5400		5401		5402		5403
		5404		5405		5406		5407		5408		5409		5410		5411
		5412		5413		5414		5415		5416		5417		5418		5419
		5420		5421		5422		5423		5424		5425		5426		5427
		5428		5429		5430		5431		5432		5433		5434		5435
		5436		5437		5438		5439		5440		5441		5442		5443
		5444		5445		5446		5447		5448		5449		5450		5451
		5452		5453		5454		5455		5456		5457		5458		5459
		5460		5461		5462		5463		5464		5465		5466		5467
		5468		5469		5470		5471		5472		5473		5474		5475
		5476		5477		5478		5479		5480		5481		5482		5483
		5484		5485		5486		5487		5488		5489		5490		5491
		5492		5493		5494		5495		5496		5497		5498		5499
		5500		5501		5502		5503		5504		5505		5506		5507
		5508		5509		5510		5511		5512		5513		5514		5515
		5516		5517		5518		5519		5520		5521		5522		5523
		5524		5525		5526		5527		5528		5529		5530		5531
		5532		5533		5534		5535		5536		5537		5538		5539
		5540		5541		5542		5543		5544		5545		5546		5547
		5548		5549		5550		5551		5552		5553		5554		5555
		5556		5557		5558		5559		5560		5561		5562		5563
		5564		5565		5566		5567		5568		5569		5570		5571
		5572		5573		5574		5575		5576		5577		5578		5579
		5580		5581		5582		5583		5584		5585		5586		5587
		5588		5589		5590		5591		5592		5593		5594		5595
		5596		5597		5598		5599		5600		5601		5602		5603
		5604		5605		5606		5607		5608		5609		5610		5611
		5612		5613		5614		5615		5616		5617		5618		5619
		5620		5621		5622		5623		5624		5625		5626		5627
		5628		5629		5630		5631		5632		5633		5634		5635
		5636		5637		5638		5639		5640		5641		5642		5643
		5644		5645		5646		5647		5648		5649		5650		5651
		5652		5653		5654		5655		5656		5657		5658		5659
		5660		5661		5662		5663		5664		5665		5666		5667
		5668		5669		5670		5671		5672		5673		5674		5675
		5676		5677		5678		5679		5680		5681		5682		5683
		5684		5685		5686		5687		5688		5689		5690		5691
		5692		5693		5694		5695		5696		5697		5698		5699
		5700		5701		5702		5703		5704		5705		5706		5707
		5708		5709		5710		5711		5712		5713		5714		5715
		5716		5717		5718		5719		5720		5721		5722		5723
		5724		5725		5726		5727		5728		5729		5730		5731
		5732		5733		5734		5735		5736		5737		5738		5739
		5740		5741		5742		5743		5744		5745		5746		5747
		5748		5749		5750		5751		5752		5753		5754		5755
		5756		5757		5758		5759		5760		5761		5762		5763
		5764		5765		5766		5767		5768		5769		5770		5771
		5772		5773		5774		5775		5776		5777		5778		5779
		5780		5781		5782		5783		5784		5785		5786		5787
		5788		5789		5790		5791		5792		5793		5794		5795
		5796		5797		5798		5799		5800		5801		5802		5803
		5804		5805		5806		5807		5808		5809		5810		5811
		5812		5813		5814		5815		5816		5817		5818		5819
		5820		5821		5822		5823		5824		5825		5826		5827
		5828		5829		5830		5831		5832		5833		5834		5835
		5836		5837		5838		5839		5840		5841		5842		5843
		5844		5845		5846		5847		5848		5849		5850		5851
		5852		5853		5854		5855		5856		5857		5858		5859
		5860		5861		5862		5863		5864		5865		5866		5867
		5868		5869		5870		5871		5872		5873		16854		16855
		16856		16857		16858		16859		16860		16861		16862		16863
		16864		16865		16866		16867		16868		16869		16870		16871
		16872		16873		16874		16875		16876		16877		16878		16879
		16880		16881		16882		16883		16884		16885		16886		16887
		16888		16889		16890		16891		16892		16893		16894		16895
		16896		16897		16898		16899		16900		16901		16902		16903
		16904		16905		16906		16907		16908		16909		16910		16911
		16912		16913		16914		16915		16916		16917		16918		16919
		16920		16921		16922		16923		16924		16925		16926		16927
		16928		16929		16930		16931		16932		16933		16934		16935
		16936		16937		16938		16939		16940		16941		16942		16943
		16944		16945		16946		16947		16948		16949		16950		16951
		16952		16953		16954		16955		16956		16957		16958		16959
		16960		16961		16962		16963		16964		16965		16966		16967
		16968		16969		16970		16971		16972		16973		16974		16975
		16976		16977		16978		16979		16980		16981		16982		16983
		16984		16985		16986		16987		16988		16989		16990		16991
		16992		16993		16994		16995		16996		16997		16998		16999
		17000		17001		17002		17003		17004		17005		17006		17007
		17008		17009		17010		17011		17012		17013		17014		17015
		17016		17017		17018		17019		17020		17021		17022		17023
		17024		17025		17026		17027		17028		17029		17030		17031
		17032		17033		17034		17035		17036		17037		17038		17039
		17040		17041		17042		17043		17044		17045		17046		17047
		17048		17049		17050		17051		17052		17053		17054		17055
		17056		17057		17058		17059		17060		17061		17062		17063
		17064		17065		17066		17067		17068		17069		17070		17071
		17072		17073		17074		17075		17076		17077		17078		17079
		17080		17081		17082		17083		17084		17085		17086		17087
		17088		17089		17090		17091		17092		17093		17094		17095
		17096		17097		17098		17099		17100		17101		17102		17103
		17104		17105		17106		17107		17108		17109		17110		17111
		17112		17113		17114		17115		17116		17117		17118		17119
		17120		17121		17122		17123		17124		17125		17126		17127
		17128		17129		17130		17131		17132		17133		17134		17135
		17136		17137		17138		17139		17140		17141		17142		17143
		17144		17145		17146		17147		17148		17149		17150		17151
		17152		17153		17154		17155		17156		17157		17158		17159
		17160		17161		17162		17163		17164		17165		17166		17167
		17168		17169		17170		17171		17172		17173		17174		17175
		17176		17177		17178		17179		17180		17181		17182		17183
		17184		17185		17186		17187		17188		17189		17190		17191
		17192		17193		17194		17195		17196		17197		17198		17199
		17200		17201		17202		17203		17204		17205		17206		17207
		17208		17209		17210		17211		17212		17213		17214		17215
		17216		17217		17218		17219		17220		17221		17222		17223
		17224		17225		17226		17227		17228		17229		17230		17231
		17232		17233		17234		17235		17236		17237		17238		17239
		17240		17241		17242		17243		17244		17245		17246		17247
		17248		17249		17250		17251		17252		17253		17254		17255
		17256		17257		17258		17259		17260		17261		17262		17263
		17264		17265		17266		17267		17268		17269		17270		17271
		17272		17273		17274		17275		17276		17277		17278		17279
		17280		17281		17282		17283		17284		17285		17286		17287
		17288		17289		17290		17291		17292		17293		17294		17295
		17296		17297		17298		17299		17300		17301		17302		17303
		17304		17305		17306		17307		17308		17309		17310		17311
		17312		17313		17314		17315		17316		17317		17318		17319
		17320		17321		17322		17323		17324		17325		17326		17327
		17328		17329		17330		17331		17332		17333		17334		17335
		17336		17337		17338		17339		17340		17341		17342		17343
		17344		17345		17346		17347		17348		17349		17350		17351
		17352		17353		17354		17355		17356		17357		17358		17359
		17360		17361		17362		17363		17364		17365		17366		17367
		17368		17369		17370		17371		17372		17373		17374		17375
		17376		17377		17378		17379		17380		17381		17382		17383
		17384		17385		17386		17387		17388		17389		17390		17391
		17392		17393		17394		17395		17396		17397		17398		17399
		17400		17401		17402		17403		17404		17405		17406		17407
		17408		17409		17410		17411		17412		17413		17414		17415
		17416		17417		17418		17419		17420		17421		17422		17423
		17424		17425		17426		17427		17428		17429		17430		17431
		17432		17433		17434		17435		17436		17437		17438		17439
		17440		17441		17442		17443		17444		17445		17446		17447
		17448		17449		17450		17451		17452		17453		17454		17455
		17456		17457		17458		17459		17460		17461		17462		17463
		17464		17465		17466		17467		17468		17469		17470		17471
		17472		17473		17474		17475		17476		17477		17478		17479
		17480		17481		17482		17483		17484		17485		17486		17487
		17488		17489		17490		17491		17492		17493		17494		17495
		17496		17497		17498		17499		17500		17501		17502		17503
		17504		17505		17506		17507		17508		17509		17510		17511
		17512		17513		17514		17515		17516		17517		17518		17519
		17520		17521		17522		17523		17524		17525		17526		17527
		17528		17529		17530		17531		17532		17533		17534		17535
		17536		17537		17538		17539		17540		17541		17542		17543
		17544		17545		17546		17547		17548		17549		17550		17551
		17552		17553		17554		17555		17556		17557		17558		17559
		17560		17561		17562		17563		17564		17565		17566		17567
		17568		17569		17570		17571		17572		17573		17574		17575
		17576		17577		17578		17579		17580		17581		17582		17583
		17584		17585		17586		17587		17588		17589		17590		17591
		17592		17593		17594		17595		17596		17597		17598		17599
		17600		17601		17602		17603		17604		17605		17606		17607
		17608		17609		17610		17611		17612		17613		17614		17615
		17616		17617		17618		17619		17620		17621		17622		17623
		17624		17625		17626		17627		17628		17629		17630		17631
		17632		17633		17634		17635		17636		17637		17638		17639
		17640		17641		17642		17643		17644		17645		17646		17647
		17648		17649		17650		17651		17652		17653		17654		17655
		17656		17657		17658		17659		17660		17661		17662		17663
		17664		17665		17666		17667		17668		17669		17670		17671
		17672		17673		17674		17675		17676		17677		17678		17679
		17680		17681		17682		17683		17684		17685		17686		17687
		17688		17689		17690		17691		17692		17693		17694		17695
		17696		17697		17698		17699		17700		17701		17702		17703
		17704		17705		17706		17707		17708		17709		17710		17711
		17712		17713		17714		17715		17716		17717		17718		17719
		17720		17721		17722		17723		17724		17725		17726		17727
		17728		17729		17730		17731		17732		17733		17734		17735
		17736		17737		17738		17739		17740		17741		17742		17743
		17744		17745		17746		17747		17748		17749		17750		17751
		17752		17753		17754		17755		17756		17757		17758		17759
		17760		17761		17762		17763		17764		17765		17766		17767
		17768		17769		17770		17771		17772		17773		17774		17775
		17776		17777		17778		17779		17780		17781		17782		17783
		17784		17785		17786		17787		17788		17789		17790		17791
		17792		17793		17794		17795		17796		17797		17798		17799
		17800		17801		17802		17803		17804		17805		17806		17807
		17808		17809		17810		17811		17812		17813		17814		17815
		17816		17817		17818		17819		17820		17821		17822		17823
		17824		17825		17826		17827		17828		17829		17830		17831
		17832		17833		17834		17835		17836		17837		17838		17839
		17840		17841		17842		17843		17844		17845		17846		17847
		17848		17849		17850		17851		17852		17853		17854		17855
		17856		17857		17858		17859		17860		17861		17862		17863
		17864		17865		17866		17867		17868		17869		17870		17871
		17872		17873		17874		17875		17876		17877		17878		17879
		17880		17881		17882		17883		17884		17885		17886		17887
		17888		17889		17890		17891		17892		17893		17894		17895
		17896		17897		17898		17899		17900		17901		17902		17903
		17904		17905		17906		17907		17908		17909		17910		17911
		17912		17913		17914		17915		17916		17917		17918		17919
		17920		17921		17922		17923		17924		17925		17926		17927
		17928		17929		17930		17931		17932		17933		17934		17935
		17936		17937		17938		17939		17940		17941		17942		17943
		17944		17945		17946		17947		17948		17949		17950		17951
		17952		17953		17954		17955		17956		17957		17958		17959
		17960		17961		17962		17963		17964		17965		17966		17967
		17968		17969		17970		17971		17972		17973		17974		17975
		17976		17977		17978		17979		17980		17981		17982		17983
		17984		17985		17986		17987		17988		17989		17990		17991
		17992		17993		17994		17995		17996		17997		17998		17999
		18000		18001		18002		18003		18004		18005		18006		18007
		18008		18009		18010		18011		18012		18013		18014		18015
		18016		18017		18018		18019		18020		18021		18022		18023
		18024		18025		18026		18027		18028		18029		18030		18031
		18032		18033		18034		18035		18036		18037		18038		18039
		18040		18041		18042		18043		18044		18045		18046		18047
		18048		18049		18050		18051		18052		18053		18054		18055
		18056		18057		18058		18059		18060		18061		18062		18063
		18064		18065		18066		18067		18068		18069		18070		18071
		18072		18073		18074		18075		18076		18077		18078		18079
		18080		18081		18082		18083		18084		18085		18086		18087
		18088		18089		18090		18091		18092		18093		18094		18095
		18096		18097		18098		18099		18100		18101		18102		18103
		18104		18105		18106		18107		18108		18109		18110		18111
		18112		18113		18114		18115		18116		18117		18118		18119
		18120		18121		18122		18123		18124		18125		18126		18127
		18128		18129		18130		18131		18132		18133		18134		18135
		18136		18137		18138		18139		18140		18141		18142		18143
		18144		18145		18146		18147		18148		18149		18150		18151
		18152		18153		18154		18155		18156		18157		18158		18159
		18160		18161		18162		18163		18164		18165		18166		18167
		18168		18169		18170		18171		18172		18173		18174		18175
		18176		18177		18178		18179		18180		18181		18182		18183
		18184		18185		18186		18187		18188		18189		18190		18191
		18192		18193		18194		18195		18196		18197		18198		18199
		18200		18201		18202		18203		18204		18205		18206		18207
		18208		18209		18210		18211		18212		18213		18214		18215
		18216		18217		18218		18219		18220		18221		18222		18223
		18224		18225		18226		18227		18228		18229		18230		18231
		18232		18233		18234		18235		18236		18237		18238		18239
		18240		18241		18242		18243		18244		18245		18246		18247
		18248		18249		18250		18251		18252		18253		18254		18255
		18256		18257		18258		18259		18260		18261		18262		18263
		18264		18265		18266		18267		18268		18269		18270		18271
		18272		18273		18274		18275		18276		18277		18278		18279
		18280		18281		18282		18283		18284		18285		18286		18287
		18288		18289		18290		18291		18292		18293		18294		18295
		18296		18297		18298		18299		18300		18301		18302		18303
		18304		18305		18306		18307		18308		18309		18310		18311
		18312		18313		18314		18315		18316		18317		18318		18319
		18320		18321		18322		18323		18324		18325		18326		18327
		18328		18329		18330		18331		18332		18333		18334		18335
		18336		18337		18338		18339		18340		18341		18342		18343
		18344		18345		18346		18347		18348		18349		18350		18351
		18352		18353		18354		18355		18356		18357		18358		18359
		18360		18361		18362		18363		18364		18365		18366		18367
		18368		18369		18370		18371		18372		18373		18374		18375
		18376		18377		18378		18379		18380		18381		18382		18383
		18384		18385		18386		18387		18388		18389		18390		18391
		18392		18393		18394		18395		18396		18397		18398		18399
		18400		18401		18402		18403		18404		18405		18406		18407
		18408		18409		18410		18411		18412		18413		18414		18415
		18416		18417		18418		18419		18420		18421		18422		18423
		18424		18425		18426		18427		18428		18429		18430		18431
		18432		18433		18434		18435		18436		18437		18438		18439
		18440		18441		18442		18443		18444		18445		18446		18447
		18448		18449		18450		18451		18452		18453		18454		18455
		18456		18457		18458		18459		18460		18461		18462		18463
		18464		18465		18466		18467		18468		18469		18470		18471
		18472		18473		18474		18475		18476		18477		18478		18479
		18480		18481		18482		18483		18484		18485		18486		18487
		18488		18489		18490		18491		18492		18493		18494		18495
		18496		18497		18498		18499		18500		18501		18502		18503
		18504		18505		18506		18507		18508		18509		18510		18511
		18512		18513		18514		18515		18516		18517		18518		18519
		18520		18521		18522		18523		18524		18525		18526		18527
		18528		18529		18530		18531		18532		18533		18534		18535
		18536		18537		18538		18539		18540		18541		18542		18543
		18544		18545		18546		18547		18548		18549		18550		18551
		18552		18553		18554		18555		18556		18557		18558		18559
		18560		18561		18562		18563		18564		18565		18566		18567
		18568		18569		18570		18571		18572		18573		18574		18575
		18576		18577		18578		18579		18580		18581		18582		18583
		18584		18585		18586		18587		18588		18589		18590		18591
		18592		18593		18594		18595		18596		18597		18598		18599
		18600		18601		18602		18603		18604		18605		18606		18607
		18608		18609		18610		18611		18612		18613		18614		18615
		18616		18617		18618		18619		18620		18621		18622		18623
		18624		18625		18626		18627		18628		18629		18630		18631
		18632		18633		18634		18635		18636		18637		18638		18639
		18640		18641		18642		18643		18644		18645		18646		18647
		18648		18649		18650		18651		18652		18653		18654		18655
		18656		18657		18658		18659		18660		18661		18662		18663
		18664		18665		18666		18667		18668		18669		18670		18671
		18672		18673		18674		18675		18676		18677		18678		18679
		18680		18681		18682		18683		18684		18685		18686		18687
		18688		18689		18690		18691		18692		18693		18694		18695
		18696		18697		18698		18699		18700		18701		18702		18703
		18704		18705		18706		18707		18708		18709		18710		18711
		18712		18713		18714		18715		18716		18717		18718		18719
		18720		18721		18722		18723		18724		18725		18726		18727
		18728		18729		18730		18731		18732		18733		18734		18735
		18736		18737		18738		18739		18740		18741		18742		18743
		18744		18745		18746		18747		18748		18749		18750		18751
		18752		18753		18754		18755		18756		18757		18758		18759
		18760		18761		18762		18763		18764		18765		18766		18767
		18768		18769		18770		18771		18772		18773		18774		18775
		18776		18777		18778		18779		18780		18781		18782		18783
		18784		18785		18786		18787		18788		18789		18790		18791
		18792		18793		18794		18795		18796		18797		18798		18799
		18800		18801		18802		18803		18804		18805		18806		18807
		18808		18809		18810		18811		18812		18813		18814		18815
		18816		18817		18818		18819		18820		18821		18822		18823
		18824		18825		18826		18827		18828		18829		18830		18831
		18832		18833		18834		18835		18836		18837		18838		18839
		18840		18841		18842		18843		18844		18845		18846		18847
		18848		18849		18850		18851		18852		18853		18854		18855
		18856		18857		18858		18859		18860		18861		18862		18863
		18864		18865		18866		18867		18868		18869		18870		18871
		18872		18873		18874		18875		18876		18877		18878		18879
		18880		18881		18882		18883		18884		18885		18886		18887
		18888		18889		18890		18891		18892		18893		18894		18895
		18896		18897		18898		18899		18900		18901		18902		18903
		18904		18905		18906		18907		18908		18909		18910		18911
		18912		18913		18914		18915		18916		18917		18918		18919
		18920		18921		18922		18923		18924		18925		18926		18927
		18928		18929		18930		18931		18932		18933		18934		18935
		18936		18937		18938		18939		18940		18941		18942		18943
		18944		18945		18946		18947		18948		18949		18950		18951
		18952		18953		18954		18955		18956		18957		18958		18959
		18960		18961		18962		18963		18964		18965		18966		18967
		18968		18969		18970		18971		18972		18973		18974		18975
		18976		18977		18978		18979		18980		18981		18982		18983
		18984		18985		18986		18987		18988		18989		18990		18991
		18992		18993		18994		18995		18996		18997		18998		18999
		19000		19001		19002		19003		19004		19005		19006		19007
		19008		19009		19010		19011		19012		19013		19014		19015
		19016		19017		19018		19019		19020		19021		19022		19023
		19024		19025		19026		19027		19028		19029		19030		19031
		19032		19033		19034		19035		19036		19037		19038		19039
		19040		19041		19042		19043		19044		19045		19046		19047
		19048		19049		19050		19051		19052		19053		19054		19055
		19056		19057		19058		19059		19060		19061		19062		19063
		19064		19065		19066		19067		19068		19069		19070		19071
		19072		19073		19074		19075		19076		19077		19078		19079
		19080		19081		19082		19083		19084		19085		19086		19087
		19088		19089		19090		19091		19092		19093		19094		19095
		19096		19097		19098		19099		19100		19101		19102		19103
		19104		19105		19106		19107		19108		19109		19110		19111
		19112		19113		19114		19115		19116		19117		19118		19119
		19120		19121		19122		19123		19124		19125		19126		19127
		19128		19129		19130		19131		19132		19133		19134		19135
		19136		19137		19138		19139		19140		19141		19142		19143
		19144		19145		19146		19147		19148		19149		19150		19151
		19152		19153		19154		19155		19156		19157		19158		19159
		19160		19161		19162		19163		19164		19165		19166		19167
		19168		19169		19170		19171		19172		19173		19174		19175
		19176		19177		19178		19179		19180		19181		19182		19183
		19184		19185		19186		19187		19188		19189		19190		19191
		19192		19193		19194		19195		19196		19197		19198		19199
		19200		19201		19202		19203		19204		19205		19206		19207
		19208		19209		19210		19211		19212		19213		19214		19215
		19216		19217		19218		19219		19220		19221		19222		19223
		19224		19225		19226		19227		19228		19229		19230		19231
		19232		19233		19234		19235		19236		19237		19238		19239
		19240		19241		19242		19243		19244		19245		19246		19247
		19248		19249		19250		19251		19252		19253		19254		19255
		19256		19257		19258		19259		19260		19261		19262		19263
		19264		19265		19266		19267		19268		19269		19270		19271
		19272		19273		19274		19275		19276		19277		19278		19279
		19280		19281		19282		19283		19284		19285		19286		19287
		19288		19289		19290		19291		19292		19293		19294		19295
		19296		19297		19298		19299		19300		19301		19302		19303
		19304		19305		19306		19307		19308		19309		19310		19311
		19312		19313		19314		19315		19316		19317		19318		19319
		19320		19321		19322		19323		19324		19325		19326		19327
		19328		19329		19330		19331		19332		19333		19334		19335
		19336		19337		19338		19339		19340		19341		19342		19343
		19344		19345		19346		19347		19348		19349		19350		19351
		19352		19353		19354		19355		19356		19357		19358		19359
		19360		19361		19362		19363		19364		19365		19366		19367
		19368		19369		19370		19371		19372		19373		19374		19375
		19376		19377		19378		19379		19380		19381		19382		19383
		19384		19385		19386		19387		19388		19389		19390		19391
		19392		19393		19394		19395		19396		19397		19398		19399
		19400		19401		19402		19403		19404		19405		19406		19407
		19408		19409		19410		19411		19412		19413		19414		19415
		19416		19417		19418		19419		19420		19421		19422		19423
		19424		19425		19426		19427		19428		19429		19430		19431
		19432		19433		19434		19435		19436		19437		19438		19439
		19440		19441		19442		19443		19444		19445		19446		19447
		19448		19449		19450		19451		19452		19453		19454		19455
		19456		19457		19458		19459		19460		19461		19462		19463
		19464		19465		19466		19467		19468		19469		19470		19471
		19472		19473		19474		19475		19476		19477		19478		19479
		19480		19481		19482		19483		19484		19485		19486		19487
		19488		19489		19490		19491		19492		19493		19494		19495
		19496		19497		19498		19499		19500		19501		19502		19503
		19504		19505		19506		19507		19508		19509		19510		19511
		19512		19513		19514		19515		19516		19517		19518		19519
		19520		19521		19522		19523		19524		19525		19526		19527
		19528		19529		19530		19531		19532		19533		19534		19535
		19536		19537		19538		19539		19540		19541		19542		19543
		19544		19545		19546		19547		19548		19549		19550		19551
		19552		19553		19554		19555		19556		19557		19558		19559
		19560		19561		19562		19563		19564		19565		19566		19567
		19568		19569		19570		19571		19572		19573		19574		19575
		19576		19577		19578		19579		19580		19581		19582		19583
		19584		19585		19586		19587		19588		19589		19590		19591
		19592		19593		19594		19595		19596		19597		19598		19599
		19600		19601		19602		19603		19604		19605		19606		19607
		19608		19609		19610		19611		19612		19613		19614		19615
		19616		19617		19618		19619		19620		19621		19622		19623
		19624		19625		19626		19627		19628		19629		19630		19631
		19632		19633		19634		19635		19636		19637		19638		19639
		19640		19641		19642		19643		19644		19645		19646		19647
		19648		19649		19650		19651		19652		19653		19654		19655
		19656		19657		19658		19659		19660		19661		19662		19663
		19664		19665		19666		19667		19668		19669		19670		19671
		19672		19673		19674		19675		19676		19677		19678		19679
		19680		19681		19682		19683		19684		19685		19686		19687
		19688		19689		19690		19691		19692		19693		19694		19695
		19696		19697		19698		19699		19700		19701		19702		19703
		19704		19705		19706		19707		19708		19709		19710		19711
		19712		19713		19714		19715		19716		19717		19718		19719
		19720		19721		19722		19723		19724		19725		19726		19727
		19728		19729		19730		19731		19732		19733		19734		19735
		19736		19737		19738		19739		19740		19741		19742		19743
		19744		19745		19746		19747		19748		19749		19750		19751
		19752		19753		19754		19755		19756		19757		19758		19759
		19760		19761		19762		19763		19764		19765		19766		19767
		19768		19769		19770		19771		19772		19773		19774		19775
		19776		19777		19778		19779		19780		19781		19782		19783
		19784		19785		19786		19787		19788		19789		19790		19791
		19792		19793		19794		19795		19796		19797		19798		19799
		19800		19801		19802		19803		19804		19805		19806		19807
		19808		19809		19810		19811		19812		19813		19814		19815
		19816		19817		19818		19819		19820		19821		19822		19823
		19824		19825		19826		19827		19828		19829		19830		19831
		19832		19833		19834		19835		19836		19837		19838		19839
		19840		19841		19842		19843		19844		19845		19846		19847
		19848		19849		19850		19851		19852		19853		19854		19855
		19856		19857		19858		19859		19860		19861		19862		19863
		19864		19865		19866		19867		19868		19869		19870		19871
		19872		19873		19874		19875		19876		19877		19878		19879
		19880		19881		19882		19883		19884		19885		19886		19887
		19888		19889		19890		19891		19892		19893		19894		19895
		19896		19897		19898		19899		19900		19901		19902		19903
		19904		19905		19906		19907		19908		19909		19910		19911
		19912		19913		19914		19915		19916		19917		19918		19919
		19920		19921		19922		19923		19924		19925		19926		19927
		19928		19929		19930		19931		19932		19933		19934		19935
		19936		19937		19938		19939		19940		19941		19942		19943
		19944		19945		19946		19947		19948		19949		19950		19951
		19952		19953		19954		19955		19956		19957		19958		19959
		19960		19961		19962		19963		19964		19965		19966		19967
		19968		19969		19970		19971		19972		19973		19974		19975
		19976		19977		19978		19979		19980		19981		19982		19983
		19984		19985		19986		19987		19988		19989		19990		19991
		19992		19993		19994		19995		19996		19997		19998		19999
		20000		20001		20002		20003		20004		20005		20006		20007
		20008		20009		20010		20011		20012		20013		20014		20015
		20016		20017		20018		20019		20020		20021		20022		20023
		20024		20025		20026		20027		20028		20029		20030		20031
		20032		20033		20034		20035		20036		20037		20038		20039
		20040		20041		20042		20043		20044		20045		20046		20047
		20048		20049		20050		20051		20052		20053		20054		20055
		20056		20057		20058		20059		20060		20061		20062		20063
		20064		20065		20066		20067		20068		20069		20070		20071
		20072		20073		20074		20075		20076		20077		20078		20079
		20080		20081		20082		20083		20084		20085		20086		20087
		20088		20089		20090		20091		20092		20093		20094		20095
		20096		20097		20098		20099		20100		20101		20102		20103
		20104		20105		20106		20107		20108		20109		20110		20111
		20112		20113		20114		20115		20116		20117		20118		20119
		20120		20121		20122		20123		20124		20125		20126		20127
		20128		20129		20130		20131		20132		20133		20134		20135
		20136		20137		20138		20139		20140		20141		20142		20143
		20144		20145		20146		20147		20148		20149		20150		20151
		20152		20153		20154		20155		20156		20157		20158		20159
		20160		20161		20162		20163		20164		20165		20166		20167
		20168		20169		20170		20171		20172		20173		20174		20175
		20176		20177		20178		20179		20180		20181		20182		20183
		20184		20185		20186		20187		20188		20189		20190		20191
		20192		20193		20194		20195		20196		20197		20198		20199
		20200		20201		20202		20203		20204		20205		20206		20207
		20208		20209		20210		20211		20212		20213		20214		20215
		20216		20217		20218		20219		20220		20221		20222		20223
		20224		20225		20226		20227		20228		20229		20230		20231
		20232		20233		20234		20235		20236		20237		20238		20239
		20240		20241		20242		20243		20244		20245		20246		20247
		20248		20249		20250		20251		20252		20253		20254		20255
		20256		20257		20258		20259		20260		20261		20262		20263
		20264		20265		20266		20267		20268		20269		20270		20271
		20272		20273		20274		20275		20276		20277		20278		20279
		20280		20281		20282		20283		20284		20285		20286		20287
		20288		20289		20290		20291		20292		20293		20294		20295
		20296		20297		20298		20299		20300		20301		20302		20303
		20304		20305		20306		20307		20308		20309		20310		20311
		20312		20313		20314		20315		20316		20317		20318		20319
		20320		20321		20322		20323		20324		20325		20326		20327
		20328		20329		20330		20331		20332		20333		20334		20335
		20336		20337		20338		20339		20340		20341		20342		20343
		20344		20345		20346		20347		20348		20349		20350		20351
		20352		20353		20354		20355		20356		20357		20358		20359
		20360		20361		20362		20363		20364		20365		20366		20367
		20368		20369		20370		20371		20372		20373		20374		20375
		20376		20377		20378		20379		20380		20381		20382		20383
		20384		20385		20386		20387		20388		20389		20390		20391
		20392		20393		20394		20395		20396		20397		20398		20399
		20400		20401		20402		20403		20404		20405		20406		20407
		20408		20409		20410		20411		20412		20413		20414		20415
		20416		20417		20418		20419		20420		20421		20422		20423
		20424		20425		20426		20427		20428		20429		20430		20431
		20432		20433		20434		20435		20436		20437		20438		20439
		20440		20441		20442		20443		20444		20445		20446		20447
		20448		20449		20450		20451		20452		20453		20454		20455
		20456		20457		20458		20459		20460		20461		20462		20463
		20464		20465		20466		20467		20468		20469		20470		20471
		20472		20473		20474		20475		20476		20477		20478		20479
		20480		20481		20482		20483		20484		20485		20486		20487
		20488		20489		20490		20491		20492		20493		20494		20495
		20496		20497		20498		20499		20500		20501		20502		20503
		20504		20505		20506		20507		20508		20509		20510		20511
		20512		20513		20514		20515		20516		20517		20518		20519
		20520		20521		20522		20523		20524		20525		20526		20527
		20528		20529		20530		20531		20532		20533		20534		20535
		20536		20537		20538		20539		20540		20541		20542		20543
		20544		20545		20546		20547		20548		20549		20550		20551
		20552		20553		20554		20555		20556		20557		20558		20559
		20560		20561		20562		20563		20564		20565		20566		20567
		20568		20569		20570		20571		20572		20573		20574		20575
		20576		20577		20578		20579		20580		20581		20582		20583
		20584		20585		20586		20587		20588		20589		20590		20591
		20592		20593		20594		20595		20596		20597		20598		20599
		20600		20601		20602		20603		20604		20605		20606		20607
		20608		20609		20610		20611		20612		20613		20614		20615
		20616		20617		20618		20619		20620		20621		20622		20623
		20624		20625		20626		20627		20628		20629		20630		20631
		20632		20633		20634		20635		20636		20637		20638		20639
		20640		20641		20642		20643		20644		20645		20646		20647
		20648		20649		20650		20651		20652		20653		20654		20655
		20656		20657		20658		20659		20660		20661		20662		20663
		20664		20665		20666		20667		20668		20669		20670		20671
		20672		20673		20674		20675		20676		20677		20678		20679
		20680		20681		20682		20683		20684		20685		20686		20687
		20688		20689		20690		20691		20692		20693		20694		20695
		20696		20697		20698		20699		20700		20701		20702		20703
		20704		20705		20706		20707		20708		20709		20710		20711
		20712		20713		20714		20715		20716		20717		20718		20719
		20720		20721		20722		20723		20724		20725		20726		20727
		20728		20729		20730		20731		20732		20733		20734		20735
		20736		20737		20738		20739		20740		20741		20742		20743
		20744		20745		20746		20747		20748		20749		20750		20751
		20752		20753		20754		20755		20756		20757		20758		20759
		20760		20761		20762		20763		20764		20765		20766		20767
		20768		20769		20770		20771		20772		20773		20774		20775
		20776		20777		20778		20779		20780		20781		20782		20783
		20784		20785		20786		20787		20788		20789		20790		20791
		20792		20793		20794		20795		20796		20797		20798		20799
		20800		20801		20802		20803		20804		20805		20806		20807
		20808		20809		20810		20811		20812		20813		20814		20815
		20816		20817		20818		20819		20820		20821		20822		20823
		20824		20825		20826		20827		20828		20829		20830		20831
		20832		20833		20834		20835		20836		20837		20838		20839
		20840		20841		20842		20843		20844		20845		20846		20847
		20848		20849		20850		20851		20852		20853		20854		20855
		20856		20857		20858		20859		20860		20861		20862		20863
		20864		20865		20866		20867		20868		20869		20870		20871
		20872		20873		20874		20875		20876		20877		20878		20879
		20880		20881		20882		20883		20884		20885		20886		20887
		20888		20889		20890		20891		20892		20893		20894		20895
		20896		20897		20898		20899		20900		20901		20902		20903
		20904		20905		20906		20907		20908		20909		20910		20911
		20912		20913		20914		20915		20916		20917		20918		20919
		20920		20921		20922		20923		20924		20925		20926		20927
		20928		20929		20930		20931		20932		20933		20934		20935
		20936		20937		20938		20939		20940		20941		20942		20943
		20944		20945		20946		20947		20948		20949		20950		20951
		20952		20953		20954		20955		20956		20957		20958		20959
		20960		20961		20962		20963		20964		20965		20966		20967
		20968		20969		20970		20971		20972		20973		20974		20975
		20976		20977		20978		20979		20980		20981		20982		20983
		20984		20985		20986		20987		20988		20989		20990		20991
		20992		20993		20994		20995		20996		20997		20998		20999
		21000		21001		21002		21003		21004		21005		21006		21007
		21008		21009		21010		21011		21012		21013		21014		21015
		21016		21017		21018		21019		21020		21021		21022		21023
		21024		21025		21026		21027		21028		21029		21030		21031
		21032		21033		21034		21035		21036		21037		21038		21039
		21040		21041		21042		21043		21044		21045		21046		21047
		21048		21049		21050		21051		21052		21053		21054		21055
		21056		21057		21058		21059		21060		21061		21062		21063
		21064		21065		21066		21067		21068		21069		21070		21071
		21072		21073		21074		21075		21076		21077		21078		21079
		21080		21081		21082		21083		21084		21085		21086		21087
		21088		21089		21090		21091		21092		21093		21094		21095
		21096		21097		21098		21099		21100		21101		21102		21103
		21104		21105		21106		21107		21108		21109		21110		21111
		21112		21113		21114		21115		21116		21117		21118		21119
		21120		21121		21122		21123		21124		21125		21126		21127
		21128		21129		21130		21131		21132		21133		21134		21135
		21136		21137		21138		21139		21140		21141		21142		21143
		21144		21145		21146		21147		21148		21149		21150		21151
		21152		21153		21154		21155		21156		21157		21158		21159
		21160		21161		21162		21163		21164		21165		21166		21167
		21168		21169		21170		21171		21172		21173		21174		21175
		21176		21177		21178		21179		21180		21181		21182		21183
		21184		21185		21186		21187		21188		21189		21190		21191
		21192		21193		21194		21195		21196		21197		21198		21199
		21200		21201		21202		21203		21204		21205		21206		21207
		21208		21209		21210		21211		21212		21213		21214		21215
		21216		21217		21218		21219		21220		21221		21222		21223
		21224		21225		21226		21227		21228		21229		21230		21231
		21232		21233		21234		21235		21236		21237		21238		21239
		21240		21241		21242		21243		21244		21245		21246		21247
		21248		21249		21250		21251		21252		21253		21254		21255
		21256		21257		21258		21259		21260		21261		21262		21263
		21264		21265		21266		21267		21268		21269		21270		21271
		21272		21273		21274		21275		21276		21277		21278		21279
		21280		21281		21282		21283		21284		21285		21286		21287
		21288		21289		21290		21291		21292		21293		21294		21295
		21296		21297		21298		21299		21300		21301		21302		21303
		21304		21305		21306		21307		21308		21309		21310		21311
		21312		21313		21314		21315		21316		21317		21318		21319
		21320		21321		21322		21323		21324		21325		21326		21327
		21328		21329		21330		21331		21332		21333		21334		21335
		21336		21337		21338		21339		21340		21341		21342		21343
		21344		21345		21346		21347		21348		21349		21350		21351
		21352		21353		21354		21355		21356		21357		21358		21359
		21360		21361		21362		21363		21364		21365		21366		21367
		21368		21369		21370		21371		21372		21373		21374		21375
		21376		21377		21378		21379		21380		21381		21382		21383
		21384		21385		21386		21387		21388		21389		21390		21391
		21392		21393		21394		21395		21396		21397		21398		21399
		21400		21401		21402		21403		21404		21405		21406		21407
		21408		21409		21410		21411		21412		21413		21414		21415
		21416		21417		21418		21419		21420		21421		21422		21423
		21424		21425		21426		21427		21428		21429		21430		21431
		21432		21433		21434		21435		21436		21437		21438		21439
		21440		21441		21442		21443		21444		21445		21446		21447
		21448		21449		21450		21451		21452		21453		21454		21455
		21456		21457		21458		21459		21460		21461		21462		21463
		21464		21465		21466		21467		21468		21469		21470		21471
		21472		21473		21474		21475		21476		21477		21478		21479
		21480		21481		21482		21483		21484		21485		21486		21487
		21488		21489		21490		21491		21492		21493		21494		21495
		21496		21497		21498		21499		21500		21501		21502		21503
		21504		21505		21506		21507		21508		21509		21510		21511
		21512		21513		21514		21515		21516		21517		21518		21519
		21520		21521		21522		21523		21524		21525		21526		21527
		21528		21529		21530		21531		21532		21533		21534		21535
		21536		21537		21538		21539		21540		21541		21542		21543
		21544		21545		21546		21547		21548		21549		21550		21551
		21552		21553		21554		21555		21556		21557		21558		21559
		21560		21561		21562		21563		21564		21565		21566		21567
		21568		21569		21570		21571		21572		21573		21574		21575
		21576		21577		21578		21579		21580		21581		21582		21583
		21584		21585		21586		21587		21588		21589		21590		21591
		21592		21593		21594		21595		21596		21597		21598		21599
		21600		21601		21602		21603		21604		21605		21606		21607
		21608		21609		21610		21611		21612		21613		21614		21615
		21616		21617		21618		21619		21620		21621		21622		21623
		21624		21625		21626		21627		21628		21629		21630		21631
		21632		21633		21634		21635		21636		21637		21638		21639
		21640		21641		21642		21643		21644		21645		21646		21647
		21648		21649		21650		21651		21652		21653		21654		21655
		21656		21657		21658		21659		21660		21661		21662		21663
		21664		21665		21666		21667		21668		21669		21670		21671
		21672		21673		21674		21675		21676		21677		21678		21679
		21680		21681		21682		21683		21684		21685		21686		21687
		21688		21689		21690		21691		21692		21693		21694		21695
		21696		21697		21698		21699		21700		21701		21702		21703
		21704		21705		21706		21707		21708		21709		21710		21711
		21712		21713		21714		21715		21716		21717		21718		21719
		21720		21721		21722		21723		21724		21725		21726		21727
		21728		21729		21730		21731		21732		21733		21734		21735
		21736		21737		21738		21739		21740		21741		21742		21743
		21744		21745		21746		21747		21748		21749		21750		21751
		21752		21753		21754		21755		21756		21757		21758		21759
		21760		21761		21762		21763		21764		21765		21766		21767
		21768		21769		21770		21771		21772		21773		21774		21775
		21776		21777		21778		21779		21780		21781		21782		21783
		21784		21785		21786		21787		21788		21789		21790		21791
		21792		21793		21794		21795		21796		21797		21798		21799
		21800		21801		21802		21803		21804		21805		21806		21807
		21808		21809		21810		21811		21812		21813		21814		21815
		21816		21817		21818		21819		21820		21821		21822		21823
		21824		21825		21826		21827		21828		21829		21830		21831
		21832		21833		21834		21835		21836		21837		21838		21839
		21840		21841		21842		21843		21844		21845		21846		21847
		21848		21849		21850		21851		21852		21853		21854		21855
		21856		21857		21858		21859		21860		21861		21862		21863
		21864		21865		21866		21867		21868		21869		21870		21871
		21872		21873		21874		21875		21876		21877		21878		21879
		21880		21881		21882		21883		21884		21885		21886		21887
		21888		21889		21890		21891		21892		21893		21894		21895
		21896		21897		21898		21899		21900		21901		21902		21903
		21904		21905		21906		21907		21908		21909		21910		21911
		21912		21913		21914		21915		21916		21917		21918		21919
		21920		21921		21922		21923		21924		21925		21926		21927
		21928		21929		21930		21931		21932		21933		21934		21935
		21936		21937		21938		21939		21940		21941		21942		21943
		21944		21945		21946		21947		21948		21949		21950		21951
		21952		21953		21954		21955		21956		21957		21958		21959
		21960		21961		21962		21963		21964		21965		21966		21967
		21968		21969		21970		21971		21972		21973		21974		21975
		21976		21977		21978		21979		21980		21981		21982		21983
		21984		21985		21986		21987		21988		21989		21990		21991
		21992		21993		21994		21995		21996		21997		21998		21999
		22000		22001		22002		22003		22004		22005		22006		22007
		22008		22009		22010		22011		22012		22013		22014		22015
		22016		22017		22018		22019		22020		22021		22022		22023
		22024		22025		22026		22027		22028		22029		22030		22031
		22032		22033		22034		22035		22036		22037		22038		22039
		22040		22041		22042		22043		22044		22045		22046		22047
		22048		22049		22050		22051		22052		22053		22054		22055
		22056		22057		22058		22059		22060		22061		22062		22063
		22064		22065